73 39 -17 38
30 80 27 22
36 10 -86 -24
56 22 6 -46
75 64 98 -83
78 34 33 -38
83 88 -83 55
4 0 -48 44
45 75 42 2
27 47 75 90
75 100 -90 -61
45 29 -36 -76
73 64 48 -7
40 7 -87 -62
43 35 -57 11
74 77 77 70
11 42 9 4
98 28 75 34
34 42 66 -55
15 97 2 6
26 43 57 -72
84 24 -34 36
56 79 64 67
59 30 61 -81
94 19 68 -20
55 9 -37 83
11 69 18 75
3 45 24 76
48 88 20 -75
10 88 -13 59
77 66 47 36
28 46 73 88
2 6 -96 18
98 80 89 -75
1 71 -77 62
68 99 89 -42
84 35 -10 -8
26 102 -94 -93
44 72 -84 -51
11 39 -56 65
78 5 -38 -63
99 101 59 -21
87 90 -77 27
58 38 -29 75
45 69 86 -3
74 4 44 55
23 92 -71 44
97 70 -41 -83
55 89 -9 70
55 99 -14 58
82 72 -75 -60
10 90 58 -38
29 49 76 -24
25 83 -88 40
19 3 1 52
5 40 -84 19
40 28 70 27
85 0 69 -58
72 65 39 24
52 92 -73 90
75 6 41 94
93 79 75 51
15 35 -85 46
2 8 -49 -32
57 20 -87 -47
67 32 78 50
15 53 -55 92
12 64 59 -48
7 50 60 -99
27 13 -92 -44
25 27 72 41
29 31 -50 -50
64 39 49 -46
8 95 -99 33
0 49 -3 35
19 99 89 14
35 68 -14 66
36 55 94 81
40 32 22 45
100 64 68 -47
38 30 87 89
69 8 -30 72
54 71 -37 62
37 68 -65 85
81 56 62 54
41 1 42 10
7 94 31 59
7 17 18 16
41 42 -29 38
17 25 -63 60
72 22 87 5
6 42 -70 42
100 87 -98 -59
35 88 15 -86
50 68 -1 -79
30 29 -86 30
40 90 -29 -78
51 80 -88 -52
10 15 -45 -25
50 88 29 -75
4 16 17 -31
73 34 62 -46
81 90 -2 9
25 101 87 29
68 9 -2 -5
80 61 98 -4
35 17 -78 78
4 41 89 -61
76 22 -81 60
54 9 57 75
69 18 41 -1
77 46 25 38
69 58 67 7
4 97 90 -1
90 65 -12 66
63 82 96 -95
15 84 -55 -29
81 13 33 7
82 33 91 53
3 51 -69 -15
68 102 12 3
2 52 -52 79
79 56 -74 -76
69 29 -73 9
34 35 72 73
93 83 97 -42
95 63 17 77
80 101 32 44
51 57 -22 3
95 79 -40 -25
65 101 -2 -40
91 74 -46 -63
69 74 56 63
12 86 31 55
13 32 -57 8
21 29 30 38
67 28 -32 -96
41 86 -15 -48
7 82 -40 -90
64 60 63 5
29 48 -43 1
1 28 46 -46
48 63 -51 -26
67 54 40 -75
91 63 -32 13
51 94 43 -29
28 12 -71 34
98 99 17 -59
53 0 90 -80
86 76 47 39
59 69 56 -60
80 55 50 50
89 23 25 91
79 97 -10 -74
13 69 -92 89
22 102 -36 83
7 82 -67 93
85 85 69 -2
37 40 -58 -31
70 31 42 -45
57 95 12 33
21 93 -64 -40
47 29 14 57
5 101 -42 -56
78 53 -39 73
92 34 5 -16
77 98 17 57
69 11 -72 -14
65 41 99 -15
66 90 -9 9
76 62 98 -22
22 35 -78 84
72 95 -38 -17
59 35 12 -30
52 94 -59 67
52 100 77 -25
16 62 -50 -91
57 23 -59 -77
90 38 -33 -46
55 39 85 -99
13 84 -92 -59
62 48 42 2
4 13 62 86
74 0 -24 -55
22 87 95 48
20 73 -32 -34
19 81 -6 -33
42 82 65 32
52 45 -80 -27
3 35 18 30
70 77 41 -18
9 48 -39 -30
39 7 43 -28
98 102 -47 29
37 39 -8 -66
75 47 -17 -41
70 102 -15 -84
24 39 -64 -15
70 91 76 56
25 98 65 41
88 60 -4 88
82 79 -97 18
7 11 -78 90
41 35 65 38
92 23 65 -65
82 40 26 -31
42 27 26 -40
92 102 32 67
64 88 -74 -17
30 41 81 -15
26 8 73 -70
44 10 -51 -50
15 10 15 -58
34 102 72 -32
40 73 -43 -52
47 63 87 -22
90 43 -83 -76
24 93 -58 90
37 15 -15 52
71 45 -59 42
6 14 -92 10
34 20 -14 7
22 4 -93 -51
60 91 -23 -13
35 54 -42 69
34 9 51 79
29 65 58 16
96 5 -67 31
22 19 -6 7
63 62 27 41
94 0 32 71
31 24 -64 -73
51 39 94 82
37 44 -79 -34
77 33 37 -8
67 78 34 -78
25 57 23 -17
23 57 -70 -91
12 28 -93 -61
37 44 58 -57
27 81 28 63
68 50 -44 42
89 10 11 22
40 51 -38 55
91 64 55 5
11 94 96 79
3 90 3 78
51 58 -51 77
87 42 60 -91
35 87 73 91
38 27 -66 57
71 71 84 -10
39 65 79 -64
22 37 69 -72
65 21 53 -31
35 3 27 -42
80 33 67 17
8 87 -20 -9
59 63 73 50
58 34 48 -88
93 102 11 29
53 81 -1 59
4 20 -47 62
23 29 -20 -81
61 89 78 59
34 72 85 19
52 41 -36 31
50 48 57 -4
95 64 97 58
17 36 -78 -80
60 85 50 -44
31 22 46 -15
78 78 -22 -56
80 44 14 -2
57 45 -52 73
81 42 -41 -36
67 102 9 20
0 20 -26 30
80 64 4 55
93 67 -20 83
48 57 -94 68
28 14 -57 -93
2 22 -12 -61
78 62 -68 -54
0 22 68 91
14 22 -49 91
85 48 -90 -15
89 6 -11 79
81 89 98 82
1 14 89 87
11 48 12 -11
57 21 -63 73
42 5 -77 -46
40 6 6 7
83 56 -68 -75
17 5 88 -9
38 16 -29 -81
85 45 -68 -91
75 0 -24 -9
77 98 -82 86
57 25 95 -65
72 13 -4 -31
51 7 -52 52
62 39 -10 88
23 54 99 -57
43 29 86 -88
86 39 69 23
64 91 -32 -21
61 36 78 -69
71 8 84 36
20 46 22 47
54 64 85 62
62 27 63 -54
81 67 42 70
44 26 43 68
2 45 89 31
0 59 -91 -13
35 92 72 -78
48 38 86 -95
66 15 -37 -58
57 94 -66 91
100 12 45 72
93 5 -32 -59
8 24 -63 -85
69 6 5 75
59 84 49 -52
0 66 74 -13
69 43 71 -23
11 95 -9 -60
65 30 84 -73
91 65 -76 -14
80 44 55 50
13 26 44 -23
11 93 25 57
30 62 -9 -3
43 69 -57 -52
98 19 -90 14
44 83 -30 24
7 36 -71 15
50 67 -37 -71
54 92 -68 37
58 47 78 46
95 10 48 -67
36 79 94 40
37 35 58 -57
16 40 -93 -25
82 22 -67 -54
66 15 41 41
29 37 44 49
82 10 79 63
37 95 43 -36
13 14 -5 -66
60 93 85 29
46 83 21 -67
75 74 -68 93
88 53 43 -8
47 67 -22 -83
8 93 31 2
88 38 -29 51
65 6 53 74
20 28 94 -54
63 64 -14 77
56 93 -64 -63
25 0 -99 -62
40 90 37 -59
72 29 -60 -88
42 6 65 -43
51 37 -66 -46
32 1 -14 -28
10 42 23 58
7 31 89 34
71 102 -89 37
49 10 58 -31
1 83 -85 25
59 80 -8 -75
50 13 27 -82
28 79 8 28
4 7 38 56
76 99 26 -51
4 76 77 -27
18 9 44 -4
7 29 60 -26
96 7 33 41
27 79 15 -25
92 36 -19 47
45 102 -22 -93
31 32 -72 -27
8 73 -73 8
29 39 -6 -64
68 46 -97 8
31 99 46 -80
90 50 19 61
79 100 98 52
63 57 34 -3
39 83 -30 -29
2 4 32 10
49 95 -26 15
60 65 -74 43
74 73 -89 -79
42 66 -85 10
94 0 -6 5
92 89 25 -32
67 26 -56 -21
79 53 13 47
65 78 -3 1
49 74 36 -45
76 39 -99 23
87 62 47 -7
16 82 -85 44
38 64 49 39
46 22 -44 -21
93 55 96 -68
12 17 -87 -34
90 2 -98 29
47 64 50 5
82 21 48 -81
4 87 53 32
23 43 8 -42
7 72 -61 46
58 53 -37 8
89 9 33 75
14 30 20 8
26 35 -3 60
1 44 -98 -34
7 61 -91 -84
40 96 -80 -19
71 28 11 -88
61 78 55 93
51 36 -59 19
19 88 -20 -44
42 4 -22 98
81 35 -69 73
96 95 97 52
43 49 19 -80
97 70 -98 -56
53 38 56 15
18 33 -11 34
64 63 -39 -56
94 83 -39 90
4 36 60 -57
34 5 -86 -47
31 80 -77 -52
81 73 5 -82
54 56 57 73
42 91 -20 -27
0 6 -48 -93
48 26 92 -39
62 86 -80 -14
5 24 2 43
99 69 -91 -83
26 85 73 25
54 56 -8 -7
2 1 60 90
43 26 44 -23
2 0 -74 24
63 35 92 80
95 50 39 -45
20 62 -35 39
85 92 -59 11
39 76 1 -21
25 23 63 74
92 35 24 68
59 51 13 92
55 99 -23 56
50 59 22 37
55 7 77 -72
8 52 -84 -34
21 73 2 21
17 40 -63 61
86 76 46 -22
18 12 -72 -60
3 49 -44 -69
89 92 -98 -2
47 79 -73 -10
53 84 57 -6
62 31 -96 72
86 47 3 57
46 85 73 -42
35 84 -19 64
12 10 14 47
96 87 -83 -67
50 71 93 93
17 4 -6 79
94 51 10 69
5 66 -12 -41
82 16 -90 -73
39 63 -36 -68
15 79 -6 -33
27 58 -78 -72
68 42 59 -84
19 30 30 -33
0 77 89 -22
93 94 -3 -24
22 64 -13 -25
2 47 89 -11
11 49 -20 -95
35 42 -42 -91
22 93 -6 -32
100 75 10 -56
41 94 -94 -55