64 22 19 58 13478 4424
43 98 86 58 2408 4384
81 18 32 46 3472 3416
12 32 89 34 4066 3116
12 57 61 15 8699 4655
19 68 71 25 5866 7706
15 32 65 21 2105 2608
12 74 61 41 6962 10086
83 11 69 70 6025 3111
62 16 37 60 3719 4340
90 54 27 63 4869 6525
55 31 21 36 5749 10726
62 55 88 14 8380 3590
19 51 44 25 2120 18389
54 16 66 85 7812 6045
37 82 54 12 16045 10354
96 23 61 69 10493 6049
31 60 50 16 7284 15360
59 26 20 63 1773 4466
13 64 84 95 6052 9408
28 56 96 12 11032 4424
13 48 49 28 2025 1080
46 81 48 14 9446 3601
20 83 90 28 6820 4809
22 73 50 14 15128 6728
72 85 89 14 3805 1851
20 27 49 21 3801 2016
47 69 85 18 11070 7068
17 53 60 15 15607 19738
52 11 14 80 4948 13097
20 94 77 51 3460 10044
54 34 23 47 16910 16926
40 96 77 57 9354 11970
14 69 63 19 445 3613
19 65 53 14 18352 1608
96 23 19 54 2103 2729
52 16 15 26 4005 1382
16 82 84 76 5580 9100
79 23 13 63 4736 8366
42 92 97 69 6610 8740
85 17 13 74 4772 8023
97 32 50 79 9268 3245
68 27 15 35 11094 13616
22 60 72 36 6938 4008
68 14 27 80 9195 8914
29 15 14 47 7813 18459
12 87 28 30 2584 5067
56 25 17 78 2887 6288
79 31 15 57 9229 7291
14 56 58 13 16414 7591
73 70 63 13 7409 3122
33 56 39 14 6074 11638
73 51 12 37 15497 2993
33 15 15 32 3614 3986
21 84 72 63 7665 10185
43 85 93 27 4061 5675
85 44 17 45 5746 3807
87 53 24 76 1863 3897
15 44 64 37 1637 1335
20 87 16 13 2200 5325
21 64 35 12 5800 18464
31 79 64 14 14319 12895
23 67 46 14 6356 15044
61 83 88 15 8785 6507
92 22 45 89 10726 5538
63 25 14 57 16692 17422
26 76 69 11 13751 9587
70 37 12 49 15194 1054
54 35 12 36 18230 14003
44 11 26 81 18836 14722
11 69 71 87 5250 7488
28 13 40 68 17600 15676
80 69 18 60 7746 9216
73 13 30 26 4229 2509
23 46 56 27 11449 15123
17 77 50 18 3623 6195
40 21 28 60 11356 9392
19 31 88 20 5046 2054
86 21 45 52 4967 1664
63 29 31 60 1693 5927
25 85 79 41 5180 7370
35 13 22 49 9217 9350
56 27 34 99 3868 7317
11 56 91 40 6343 6472
12 22 90 28 6282 2886
69 15 30 90 5787 3345
39 59 35 16 7641 2238
20 54 51 15 9346 16334
60 89 87 17 11448 7569
16 36 59 16 15371 16292
77 32 19 62 13493 3322
38 97 86 18 6280 8171
71 19 11 48 2524 4771
43 17 32 50 2562 16590
67 60 13 47 2011 5266
11 67 73 26 4529 8543
47 17 20 67 14980 8424
33 99 87 71 2454 3372
87 61 21 83 1944 2592
12 96 40 35 2488 6794
20 59 64 23 17508 5246
91 31 11 68 6487 5551
21 78 72 18 13280 16040
52 18 36 73 17832 8950
19 59 60 12 13860 4324
52 14 27 84 4225 8120
26 11 22 90 1452 1744
44 39 11 34 2310 4424
24 12 24 38 14168 4622
22 64 95 43 8517 6341
52 99 98 20 9746 4729
81 45 33 71 3123 5685
29 68 40 14 13029 4514
18 41 69 46 12419 9015
64 14 26 73 17768 18476
84 41 64 96 11340 10975
14 31 44 12 16282 11913
15 65 98 30 5841 2815
96 18 25 59 3034 1112
17 38 57 35 2406 2883
25 81 77 44 3681 6173
72 79 89 13 9780 3620
23 61 75 29 2768 5812
60 30 19 36 11541 10964
95 27 48 77 8216 8164
45 13 24 57 602 1304
42 16 48 82 5730 5942
54 13 22 45 8482 391
83 27 37 99 5433 2637
61 18 15 67 17493 14329
13 50 66 13 9032 16517
18 31 86 31 7330 3255
59 24 12 95 945 6152
98 65 44 93 4262 6592
23 74 98 47 8170 8578
85 46 41 94 3470 2596
16 65 71 36 3962 2464
64 12 38 68 2688 2452
16 85 69 21 2254 4372
97 26 19 55 8756 3944
17 70 73 70 3705 5110
69 20 16 57 6965 7946
48 86 83 28 11012 10556
84 47 53 94 8100 9165
75 36 20 55 14675 17081
43 72 46 16 18313 17112
58 13 21 46 7763 18338
65 94 34 16 4757 4458
84 19 18 97 4638 8948
33 11 42 71 6185 17937
33 74 58 15 1154 10878
89 21 15 39 7414 4338
19 95 64 30 4869 8395
12 57 99 76 4419 6403
44 50 79 14 4598 3558
81 69 11 77 2040 6810
44 15 56 93 812 942
32 17 24 75 3904 6805
19 55 64 25 7208 5480
68 35 17 35 4964 4760
90 34 51 96 9564 10826
40 24 13 33 4087 14771
15 27 58 30 5692 6260
27 54 36 14 4716 4444
63 89 78 17 9879 6594
69 11 82 67 4997 3493
15 75 71 13 11788 14304
32 19 29 53 14044 1328
60 17 31 94 7528 9632
79 26 35 48 8013 5884
60 18 12 60 6260 16130
54 18 13 58 5897 1028
14 24 55 27 11571 7559
13 42 77 17 6372 2972
13 33 92 52 6580 4540
64 25 31 67 1130 1649
58 17 20 63 19106 413
99 34 43 95 6009 9766
29 13 14 43 2997 5749
48 22 20 51 14964 3673
59 29 35 62 5571 3903
24 77 59 14 4376 7732
57 13 62 82 3520 2160
62 11 61 76 7226 7148
24 77 55 11 6849 13014
79 34 20 76 4685 3162
12 25 42 20 17300 12720
52 87 43 12 4692 6891
33 49 25 12 11387 10423
56 18 23 60 14450 4994
82 87 92 12 7590 6255
75 20 86 97 10019 8523
77 25 17 59 12747 8917
40 26 41 85 4102 3950
44 93 34 22 7590 11106
73 81 51 15 3419 1839
61 51 23 73 1190 1210
93 98 11 74 7742 9344
12 39 75 38 3845 2168
42 18 21 30 14270 1256
42 16 23 70 5458 2732
70 29 19 75 6577 4940
11 27 80 52 15692 11708
90 23 27 31 612 301
16 31 53 30 10167 3987
35 19 26 49 1212 1251
28 11 52 79 16424 18848
18 75 94 30 6242 3585
98 20 37 40 4494 2280
20 79 49 11 9038 14141
49 71 35 11 3549 2839
60 12 45 91 3285 2379
30 59 59 31 930 8400
18 36 56 23 4226 19292
23 44 49 20 5484 15504
15 35 54 31 11267 16313
50 17 15 51 2805 16734
81 41 16 53 16969 3598
17 74 72 17 16328 6984
17 66 64 12 17309 13682
91 27 61 92 9292 4974
39 75 45 14 7178 4048
94 38 11 86 6419 3492
47 13 46 81 7395 6350
88 15 85 72 10426 6033
12 71 63 40 1746 5672
42 41 11 62 3746 4477
98 25 41 47 7119 3095
12 75 67 17 7329 6033
60 27 15 60 4700 17636
41 12 27 76 2670 5344
95 48 46 78 11084 10200
92 84 66 13 5672 3950
46 30 29 84 7130 10638
13 41 91 75 1183 3095
19 43 46 14 4633 1745
80 25 53 64 7894 6167
40 97 58 37 7726 9718
73 30 48 78 4975 3210
37 60 72 29 6631 4610
42 88 62 11 2218 3696
47 29 34 72 1512 1086
14 97 51 51 1749 2745
72 25 54 93 3348 4875
57 24 11 36 6594 13904
66 13 12 63 3836 2487
19 44 68 36 9107 3544
90 16 64 71 11128 5973
17 12 15 82 618 1436
55 18 27 60 7930 9866
43 18 15 58 8099 16194
68 12 25 71 4192 14272
79 18 86 85 12900 7583
69 19 18 79 6294 8323
44 18 31 65 3871 9433
63 14 18 56 11006 10784
44 74 82 33 9246 6423
25 51 29 17 5994 4936
63 98 81 32 5004 3366
95 21 69 96 4195 2946
66 56 18 90 1554 5578
28 57 56 28 3644 10231
31 90 81 59 6561 10240
58 73 99 24 9772 5257
18 78 95 47 3781 5809
31 54 33 17 14025 13780
13 30 59 27 3972 15302
88 11 16 38 6800 1102
32 84 40 12 3968 2232
75 47 19 37 7119 5741
19 37 44 23 4899 6810
68 26 12 61 7188 5970
23 47 86 23 7917 5181
12 65 98 56 5084 8545
19 60 78 20 8033 4320
43 63 41 17 5646 13662
43 17 19 59 8059 951
40 17 23 37 18557 7433
55 93 73 39 2414 2562
33 62 41 14 14223 6242
24 23 15 55 2472 5294
60 15 39 74 1347 1172
24 48 59 20 16775 1556
15 76 63 55 5982 8116
31 87 74 60 2051 5313
94 17 68 77 12144 6596
15 60 59 22 2250 5790
61 21 11 55 5350 3614
13 42 89 71 7777 7153
49 26 38 62 2639 1986
91 17 29 55 9501 6039
23 61 68 19 13593 17410
14 64 67 17 319 2169
13 34 67 35 5944 19475
54 24 17 63 6338 4724
83 11 90 81 11880 4959
39 46 50 17 2266 2211
12 44 65 40 16971 11772
25 51 91 51 9670 6936
18 64 64 49 6628 8389
79 47 26 51 1362 1592
85 13 29 49 8654 4042
41 21 31 62 19608 3562
83 33 19 74 5410 3945
15 52 62 29 17409 5938
52 20 34 59 194 13817
13 74 70 16 15890 11208
54 15 18 51 5138 14957
65 32 23 51 7506 15882
74 28 44 88 8300 6280
42 86 56 12 19016 15276
30 57 69 26 5028 3037
31 76 84 23 6641 2561
94 33 51 67 7297 7324
36 14 20 64 5772 16024
46 26 22 45 9852 8121
44 23 16 30 4956 5033
72 42 12 30 2648 12680
20 62 60 13 2640 5242
16 38 49 18 4336 17628